tests/test_files/igsg0760.15i
     1.0            IONOSPHERE MAPS     MIX                 IONEX VERSION / TYPE
cmpcmb v1.2          GRL/UWM             1-apr-15 11:22     PGM / RUN BY / DATE 
ionex file containing IGS COMBINED Ionosphere maps          COMMENT             
global ionosphere maps for day 076, 2015                    DESCRIPTION         
IONEX file containing the COMBINED IGS TEC MAPS and DCBs    DESCRIPTION         
      IONEX files of the following IAACs were combined: cod DESCRIPTION         
                                                        jpl DESCRIPTION         
Contact address: Andrzej Krankowski                         DESCRIPTION
                 Geodynamics Research Laboratory            DESCRIPTION
                 University of Warmia and Mazury (GRL/UWM)  DESCRIPTION
                 Oczapowski St. 1                           DESCRIPTION
                 10-957-Olsztyn, POLAND                     DESCRIPTION
                 e-mail:  kand@uwm.edu.pl                   DESCRIPTION
                                                            DESCRIPTION         
  2015     3    17     0     0     0                        EPOCH OF FIRST MAP  
  2015     3    18     0     0     0                        EPOCH OF LAST MAP   
  7200                                                      INTERVAL            
    13                                                      # OF MAPS IN FILE   
  COSZ                                                      MAPPING FUNCTION    
     0.0                                                    ELEVATION CUTOFF    
combined TEC calculated as weighted mean of input TEC valuesOBSERVABLES USED    
   327                                                      # OF STATIONS       
    31                                                      # OF SATELLITES     
  6371.0                                                    BASE RADIUS         
     2                                                      MAP DIMENSION       
   450.0 450.0   0.0                                        HGT1 / HGT2 / DHGT  
    87.5 -87.5  -2.5                                        LAT1 / LAT2 / DLAT  
  -180.0 180.0   5.0                                        LON1 / LON2 / DLON  
    -1                                                      EXPONENT            
TEC values in 0.1 tec units;  9999, if no value available   COMMENT             
DCB values in nanoseconds, reference is Sum_of_SatDCBs = 0  COMMENT             
                                                            END OF HEADER       
[from data line 1287]
     4                                                      START OF TEC MAP    
  2015     3    17     6     0     0                        EPOCH OF CURRENT MAP
    87.5-180.0 180.0   5.0 450.0                            LAT/LON1/LON2/DLON/H
  150  149  148  147  146  145  144  144  143  143  143  143  143  143  142  143
  142  143  143  143  143  143  144  143  144  144  145  145  145  146  146  147
  147  148  148  149  150  151  151  152  152  154  155  155  157  157  158  159
  160  160  161  161  162  163  163  164  163  163  163  163  163  162  161  160
  159  158  157  156  155  153  152  151  150
    85.0-180.0 180.0   5.0 450.0                            LAT/LON1/LON2/DLON/H
  149  146  145  143  142  140  140  139  139  138  139  139  139  139  138  139
  139  139  139  139  139  139  140  140  140  141  142  143  143  144  146  146
  147  148  149  150  151  152  154  155  156  158  159  161  163  165  167  169
  171  174  176  178  180  181  183  184  184  185  184  184  182  181  179  177
  174  170  167  164  160  158  154  152  149
    82.5-180.0 180.0   5.0 450.0                            LAT/LON1/LON2/DLON/H
  149  146  143  141  140  139  139  139  139  139  139  140  140  139  139  139
  138  137  137  136  136  136  136  136  137  138  140  141  142  144  146  148
  149  151  152  153  155  155  158  159  160  162  164  167  169  172  176  180
  184  188  192  196  200  204  207  209  211  212  213  212  210  207  204  199
  194  189  183  176  170  164  159  153  149
    80.0-180.0 180.0   5.0 450.0                            LAT/LON1/LON2/DLON/H
  154  149  146  143  143  143  143  144  146  146  147  147  146  145  143  141
  139  137  135  133  132  131  131  131  133  134  136  139  141  144  147  149
  151  153  155  156  158  159  160  162  163  166  168  171  175  180  184  190
  195  202  209  215  222  228  233  238  242  244  244  244  242  238  233  227
  219  211  202  193  184  175  167  160  154
    77.5-180.0 180.0   5.0 450.0                            LAT/LON1/LON2/DLON/H
  164  157  154  152  151  152  153  154  156  157  157  157  155  152  149  145
  140  136  132  129  127  125  124  125  127  130  133  137  140  143  147  150
  152  154  155  156  158  159  160  162  164  166  170  174  179  185  191  198
  206  214  223  232  240  249  256  263  268  272  275  274  272  269  263  255
  246  236  225  213  202  191  180  171  164
    75.0-180.0 180.0   5.0 450.0                            LAT/LON1/LON2/DLON/H
  178  171  165  163  161  162  164  166  168  168  168  167  163  159  154  148
  141  135  129  125  121  120  119  120  123  126  130  135  139  143  147  149
  151  152  153  153  154  154  156  158  161  165  169  174  180  187  195  204
  213  223  233  243  254  264  273  282  288  293  296  297  296  292  287  279
  270  260  248  236  223  210  198  187  178
    72.5-180.0 180.0   5.0 450.0                            LAT/LON1/LON2/DLON/H
  194  185  177  173  171  171  172  175  177  178  178  176  172  166  159  151
  143  135  128  123  119  117  116  118  121  125  130  134  138  141  144  146
  146  146  146  145  145  145  147  150  153  159  165  172  180  189  198  207
  218  228  239  249  260  271  281  289  297  302  307  308  308  306  301  295
  287  278  268  256  244  231  218  205  194
    70.0-180.0 180.0   5.0 450.0                            LAT/LON1/LON2/DLON/H
  209  196  187  179  175  174  175  178  181  184  183  182  177  171  163  154
  144  136  129  124  120  117  118  119  122  126  129  133  136  137  138  138
  137  135  133  132  131  132  134  139  144  152  160  170  179  190  200  209
  220  230  240  250  260  269  279  287  294  300  303  306  307  306  303  298
  293  287  280  271  261  249  236  222  209
    67.5-180.0 180.0   5.0 450.0                            LAT/LON1/LON2/DLON/H
  218  203  189  178  172  169  169  173  177  182  184  183  179  172  164  155
  146  139  132  126  123  121  121  122  124  126  129  131  131  131  129  126
  123  120  117  116  115  117  120  126  135  145  156  168  180  192  202  212
  220  229  238  246  253  261  269  276  282  286  291  292  293  294  292  291
  288  286  282  277  270  260  248  234  218
    65.0-180.0 180.0   5.0 450.0                            LAT/LON1/LON2/DLON/H
  221  204  186  171  160  155  155  159  165  171  177  178  175  170  163  155
  147  141  135  131  128  125  125  124  125  126  126  125  123  120  116  111
  106  102   99   98   98  102  107  116  127  140  154  169  183  196  207  216
  223  229  234  240  245  250  256  261  265  269  271  273  274  274  274  274
  273  274  274  273  270  264  253  239  221
    62.5-180.0 180.0   5.0 450.0                            LAT/LON1/LON2/DLON/H
  220  200  179  160  145  136  134  138  145  154  162  166  166  163  157  152
  146  140  136  133  130  127  126  124  123  122  121  117  113  108  101   94
   88   84   81   82   85   90   98  109  122  138  156  173  189  204  214  222
  227  230  233  236  239  241  245  248  251  253  255  256  257  256  255  255
  255  257  259  262  262  259  251  238  220
    60.0-180.0 180.0   5.0 450.0                            LAT/LON1/LON2/DLON/H
  218  197  173  150  131  118  113  115  123  133  142  148  151  150  147  144
  140  138  134  131  127  124  122  119  117  115  112  108  101   94   86   79
   73   69   69   71   76   84   94  107  123  141  160  180  198  213  224  230
  234  236  236  237  238  240  241  243  244  246  247  247  247  245  244  241
  240  241  244  249  252  251  246  235  218
    57.5-180.0 180.0   5.0 450.0                            LAT/LON1/LON2/DLON/H
  218  198  174  149  126  108   98   97  103  112  121  128  132  133  133  132
  131  130  127  124  120  116  111  109  106  104  101   97   91   83   75   68
   62   60   61   67   75   86   98  112  129  147  168  189  208  224  235  241
  244  245  245  246  247  247  248  249  250  250  251  251  250  247  243  238
  234  232  234  238  242  244  241  232  218
    55.0-180.0 180.0   5.0 450.0                            LAT/LON1/LON2/DLON/H
  223  206  184  159  133  111   96   90   90   95  102  108  112  115  117  118
  118  118  115  112  107  102   98   96   94   94   92   89   83   76   69   62
   58   59   62   70   81   94  108  123  140  157  178  199  219  236  247  254
  258  260  261  262  264  265  266  266  266  267  268  268  267  262  255  246
  238  232  232  234  238  241  240  235  223
    52.5-180.0 180.0   5.0 450.0                            LAT/LON1/LON2/DLON/H
  234  221  203  180  154  130  109   95   89   87   89   93   96   99  101  104
  104  103  101   97   93   87   84   83   85   86   86   84   80   74   68   64
   62   63   70   80   93  108  123  138  153  170  189  209  229  245  259  267
  273  277  281  285  289  291  292  291  290  290  291  291  289  284  275  263
  251  242  238  238  241  245  245  242  234
    50.0-180.0 180.0   5.0 450.0                            LAT/LON1/LON2/DLON/H
  249  240  227  209  185  159  134  114   99   91   86   85   85   86   89   91
   92   91   88   84   79   75   74   76   80   84   86   86   82   78   74   71
   70   73   82   93  109  125  141  156  170  185  201  219  237  255  269  281
  290  297  304  311  315  318  319  317  315  313  312  312  311  305  294  281
  266  255  248  248  250  253  254  254  249
    47.5-180.0 180.0   5.0 450.0                            LAT/LON1/LON2/DLON/H
  264  260  251  237  216  191  165  140  119  102   91   85   82   81   82   83
   83   82   79   76   72   71   72   76   83   89   93   93   91   86   83   81
   82   85   95  108  124  142  159  174  187  201  214  229  246  263  279  294
  306  317  325  333  339  341  340  337  332  328  325  324  321  315  306  292
  277  265  259  258  260  263  265  265  264
    45.0-180.0 180.0   5.0 450.0                            LAT/LON1/LON2/DLON/H
  272  271  267  258  241  220  194  167  141  120  103   92   85   82   81   82
   81   79   77   75   74   75   80   87   95  102  105  104  101   98   95   93
   94   97  106  119  137  156  175  192  205  217  229  240  255  272  290  306
  321  333  342  350  354  355  352  346  338  330  324  321  317  313  304  292
  279  269  265  265  268  271  273  273  272
    42.5-180.0 180.0   5.0 450.0                            LAT/LON1/LON2/DLON/H
  273  272  270  264  252  235  212  188  163  138  118  103   94   89   87   86
   85   84   83   82   84   89   97  106  114  120  121  119  114  109  106  104
  105  107  114  126  144  165  187  207  223  235  245  255  267  283  300  319
  334  345  353  357  360  359  355  346  335  323  313  307  302  298  292  283
  274  268  266  269  272  275  276  274  273
    40.0-180.0 180.0   5.0 450.0                            LAT/LON1/LON2/DLON/H
  264  261  258  253  245  232  216  197  175  152  131  115  105  100   97   96
   95   94   94   96  101  110  119  129  137  140  139  134  126  120  117  115
  114  114  119  129  146  170  196  220  239  253  263  271  281  296  312  330
  344  353  357  359  359  357  352  343  331  316  302  293  288  285  281  276
  270  266  267  271  275  277  274  270  264
    37.5-180.0 180.0   5.0 450.0                            LAT/LON1/LON2/DLON/H
  252  244  237  230  222  213  203  192  176  158  140  125  116  112  110  110
  109  109  109  114  121  131  142  152  158  159  155  147  137  130  126  125
  122  120  122  129  146  172  202  230  254  270  281  289  297  310  326  342
  353  360  361  360  358  357  354  348  337  323  308  297  290  288  286  283
  279  277  278  281  283  280  273  263  252
    35.0-180.0 180.0   5.0 450.0                            LAT/LON1/LON2/DLON/H
  243  227  214  201  191  183  179  175  167  156  144  133  126  124  124  125
  124  124  126  130  138  148  159  169  174  174  169  158  147  139  135  133
  131  126  123  128  144  171  204  238  265  284  297  305  314  326  340  353
  364  368  368  367  367  370  373  373  368  356  342  330  324  323  321  318
  315  311  308  306  303  295  280  262  243
    32.5-180.0 180.0   5.0 450.0                            LAT/LON1/LON2/DLON/H
  252  226  202  180  164  154  151  153  153  148  141  135  132  133  135  137
  139  138  139  142  149  158  168  178  184  185  179  168  156  148  145  145
  140  133  126  128  142  170  206  242  272  294  309  320  330  341  354  367
  377  383  385  388  394  403  415  425  429  424  413  403  398  396  395  391
  385  376  367  357  345  328  306  278  252
    30.0-180.0 180.0   5.0 450.0                            LAT/LON1/LON2/DLON/H
  287  251  216  182  154  137  131  134  137  139  137  135  135  139  143  147
  148  148  148  148  152  159  168  179  187  191  188  178  167  159  157  156
  151  141  132  130  142  169  205  242  273  298  316  330  343  355  369  384
  397  407  416  426  440  458  480  501  516  520  515  508  505  504  503  497
  487  472  454  435  413  387  356  321  287
    27.5-180.0 180.0   5.0 450.0                            LAT/LON1/LON2/DLON/H
  353  310  264  217  175  145  131  128  130  132  132  133  136  141  146  150
  153  153  151  149  149  154  163  175  188  196  196  189  179  172  170  169
  163  150  137  133  142  168  203  239  270  295  317  336  352  369  386  404
  422  441  459  480  502  528  558  589  614  627  629  627  626  627  626  619
  607  587  562  534  504  471  434  394  353
    25.0-180.0 180.0   5.0 450.0                            LAT/LON1/LON2/DLON/H
  451  404  348  287  231  187  158  144  138  136  134  133  136  141  146  149
  152  152  150  146  144  147  157  172  190  203  206  203  194  187  184  181
  173  158  142  136  144  166  198  231  262  289  315  338  360  381  403  427
  453  480  510  541  571  601  635  671  703  723  731  734  737  740  740  734
  721  699  671  638  604  569  531  493  451
    22.5-180.0 180.0   5.0 450.0                            LAT/LON1/LON2/DLON/H
  566  519  459  390  321  261  214  184  166  155  146  141  140  141  143  145
  147  149  147  143  139  143  155  175  198  215  220  217  209  201  197  191
  180  162  145  137  142  162  191  222  252  281  310  339  366  393  421  451
  485  522  562  600  634  663  694  729  762  786  799  806  812  819  823  820
  808  788  760  729  698  665  632  600  566
    20.0-180.0 180.0   5.0 450.0                            LAT/LON1/LON2/DLON/H
  675  637  579  508  433  361  297  249  215  190  172  160  152  147  144  142
  142  145  145  142  140  146  164  189  214  233  238  233  223  214  205  196
  181  161  144  135  139  157  183  212  242  273  306  339  373  406  439  475
  516  560  607  649  680  703  724  751  779  802  817  828  837  848  856  858
  852  837  815  791  765  741  718  699  675
    17.5-180.0 180.0   5.0 450.0                            LAT/LON1/LON2/DLON/H
  761  734  684  617  543  466  392  328  279  242  213  191  176  163  152  144
  143  145  147  147  148  158  181  211  239  256  258  248  234  221  208  194
  176  156  138  130  135  152  177  204  235  268  304  341  380  418  457  498
  541  590  638  679  705  716  724  737  758  778  793  805  817  830  843  851
  849  839  825  811  798  784  774  770  761
    15.0-180.0 180.0   5.0 450.0                            LAT/LON1/LON2/DLON/H
  807  793  754  696  630  555  478  407  349  303  266  237  213  192  173  158
  153  155  158  158  161  177  206  240  268  280  277  261  240  222  204  185
  166  147  131  124  130  148  172  201  232  268  306  346  388  430  472  516
  561  608  654  690  707  707  700  701  712  727  741  753  767  784  802  813
  815  809  802  797  794  791  792  801  807
    12.5-180.0 180.0   5.0 450.0                            LAT/LON1/LON2/DLON/H
  810  805  777  732  677  612  541  472  413  364  323  291  263  235  208  187
  176  175  176  176  181  199  233  270  296  304  293  268  241  216  194  173
  152  135  123  119  128  147  172  202  235  272  311  352  395  440  484  527
  571  615  657  686  694  683  667  658  661  672  684  696  711  731  752  767
  770  766  763  765  769  772  780  796  810
    10.0-180.0 180.0   5.0 450.0                            LAT/LON1/LON2/DLON/H
  784  782  758  721  677  628  570  512  460  415  377  346  317  287  256  229
  213  206  202  198  201  222  258  295  319  322  304  273  238  206  179  157
  139  124  116  116  127  148  176  206  241  277  315  356  400  444  489  531
  573  613  648  670  674  659  639  627  627  636  646  658  675  698  721  735
  736  730  728  732  739  744  753  769  784
     7.5-180.0 180.0   5.0 450.0                            LAT/LON1/LON2/DLON/H
  748  742  717  680  643  605  564  525  487  452  421  396  370  341  308  280
  258  243  232  221  221  240  275  311  333  331  309  272  231  194  164  142
  126  116  111  115  129  153  182  213  246  281  317  354  397  441  486  528
  566  602  633  652  655  644  629  621  623  631  641  653  672  699  724  736
  732  720  714  717  721  722  727  738  748
     5.0-180.0 180.0   5.0 450.0                            LAT/LON1/LON2/DLON/H
  721  708  676  636  598  568  541  518  495  472  452  434  415  390  359  330
  304  282  261  243  237  251  283  316  334  331  307  268  223  182  151  130
  117  110  109  116  132  157  187  217  249  280  311  345  386  430  475  516
  553  586  615  635  643  642  639  641  650  659  669  681  704  734  759  769
  758  740  727  725  725  722  718  720  721
     2.5-180.0 180.0   5.0 450.0                            LAT/LON1/LON2/DLON/H
  717  697  658  610  568  539  522  510  499  483  469  459  446  427  401  372
  343  314  285  260  247  256  282  310  326  321  298  259  214  172  141  122
  111  107  108  116  134  159  188  216  245  272  299  329  367  411  456  499
  537  569  598  622  639  652  666  682  698  711  721  735  760  792  819  824
  806  779  759  751  747  740  731  724  717
