tests/test_files/igsg0760.15i
     1.0            IONOSPHERE MAPS     MIX                 IONEX VERSION / TYPE
cmpcmb v1.2          GRL/UWM             1-apr-15 11:22     PGM / RUN BY / DATE 
ionex file containing IGS COMBINED Ionosphere maps          COMMENT             
global ionosphere maps for day 076, 2015                    DESCRIPTION         
IONEX file containing the COMBINED IGS TEC MAPS and DCBs    DESCRIPTION         
      IONEX files of the following IAACs were combined: cod DESCRIPTION         
                                                        jpl DESCRIPTION         
Contact address: Andrzej Krankowski                         DESCRIPTION
                 Geodynamics Research Laboratory            DESCRIPTION
                 University of Warmia and Mazury (GRL/UWM)  DESCRIPTION
                 Oczapowski St. 1                           DESCRIPTION
                 10-957-Olsztyn, POLAND                     DESCRIPTION
                 e-mail:  kand@uwm.edu.pl                   DESCRIPTION
                                                            DESCRIPTION         
  2015     3    17     0     0     0                        EPOCH OF FIRST MAP  
  2015     3    18     0     0     0                        EPOCH OF LAST MAP   
  7200                                                      INTERVAL            
    13                                                      # OF MAPS IN FILE   
  COSZ                                                      MAPPING FUNCTION    
     0.0                                                    ELEVATION CUTOFF    
combined TEC calculated as weighted mean of input TEC valuesOBSERVABLES USED    
   327                                                      # OF STATIONS       
    31                                                      # OF SATELLITES     
  6371.0                                                    BASE RADIUS         
     2                                                      MAP DIMENSION       
   450.0 450.0   0.0                                        HGT1 / HGT2 / DHGT  
    87.5 -87.5  -2.5                                        LAT1 / LAT2 / DLAT  
  -180.0 180.0   5.0                                        LON1 / LON2 / DLON  
    -1                                                      EXPONENT            
TEC values in 0.1 tec units;  9999, if no value available   COMMENT             
DCB values in nanoseconds, reference is Sum_of_SatDCBs = 0  COMMENT             
                                                            END OF HEADER       
[from data line 3003]
     8                                                      START OF TEC MAP    
  2015     3    17    14     0     0                        EPOCH OF CURRENT MAP
    87.5-180.0 180.0   5.0 450.0                            LAT/LON1/LON2/DLON/H
  108  109  110  112  113  113  114  116  117  118  118  119  120  121  122  122
  122  123  123  123  124  124  124  124  124  124  124  124  124  123  123  123
  123  123  122  122  122  121  121  121  120  120  120  119  118  118  117  116
  115  114  113  112  111  110  109  109  108  107  106  105  105  104  104  104
  104  104  104  105  105  106  107  108  108
    85.0-180.0 180.0   5.0 450.0                            LAT/LON1/LON2/DLON/H
   99  101  104  106  109  112  114  116  118  120  122  124  125  126  127  128
  128  129  129  128  128  128  128  127  126  126  125  125  124  124  124  124
  124  124  124  125  125  125  125  125  125  125  124  124  123  123  121  120
  119  117  115  113  111  109  107  105  103  101   99   97   95   94   93   92
   91   91   91   92   93   94   95   97   99
    82.5-180.0 180.0   5.0 450.0                            LAT/LON1/LON2/DLON/H
   91   94   98  101  105  109  112  116  119  122  124  127  128  129  130  130
  130  131  130  129  129  127  126  125  124  123  122  121  121  120  120  121
  121  121  123  124  124  126  127  128  129  129  129  130  130  130  129  128
  126  125  122  121  118  115  112  109  105  102   98   95   92   89   87   85
   83   83   82   82   82   84   86   88   91
    80.0-180.0 180.0   5.0 450.0                            LAT/LON1/LON2/DLON/H
   86   89   93   98  102  106  110  115  118  121  124  126  128  129  129  129
  129  129  127  127  126  124  122  121  119  118  117  116  115  115  115  116
  116  118  120  122  123  126  127  129  131  132  134  135  135  136  137  136
  136  135  133  132  129  127  123  119  115  111  107  102   98   94   89   86
   83   80   79   78   78   79   80   83   86
    77.5-180.0 180.0   5.0 450.0                            LAT/LON1/LON2/DLON/H
   85   88   93   97  101  106  110  114  118  120  122  124  125  125  125  125
  124  124  123  122  121  120  119  118  116  115  113  113  112  113  113  114
  115  117  119  122  124  126  129  131  133  134  136  137  138  139  141  142
  142  143  144  143  142  141  139  136  132  128  124  119  114  108  103   97
   93   89   85   83   81   81   81   83   85
    75.0-180.0 180.0   5.0 450.0                            LAT/LON1/LON2/DLON/H
   90   93   96  100  104  107  111  114  116  119  119  120  120  120  119  119
  118  118  118  118  118  119  119  118  118  117  117  117  117  117  117  119
  120  122  124  126  129  131  132  134  135  135  136  137  137  138  140  143
  145  148  150  152  154  154  154  154  152  148  145  140  135  129  123  117
  111  105  100   95   91   90   88   89   90
    72.5-180.0 180.0   5.0 450.0                            LAT/LON1/LON2/DLON/H
  101  102  104  107  109  112  114  116  117  118  118  117  116  114  113  112
  113  113  115  117  118  121  123  124  124  125  126  127  128  131  132  133
  134  135  136  138  139  140  140  140  140  138  136  134  134  133  135  137
  141  146  151  155  159  163  165  166  166  165  162  159  155  149  143  137
  130  123  117  112  107  103  101  100  101
    70.0-180.0 180.0   5.0 450.0                            LAT/LON1/LON2/DLON/H
  113  114  115  116  117  119  119  120  119  119  117  115  113  111  109  109
  109  110  113  117  122  126  131  133  135  137  139  143  147  151  155  157
  157  157  157  156  155  154  153  150  147  143  137  133  130  127  128  130
  133  139  145  152  158  163  167  170  172  172  172  169  166  163  158  152
  146  139  133  127  121  117  115  113  113
    67.5-180.0 180.0   5.0 450.0                            LAT/LON1/LON2/DLON/H
  123  124  125  125  125  125  124  123  121  120  118  116  113  110  108  107
  107  110  114  121  127  134  139  145  149  152  156  162  168  176  182  186
  187  186  182  180  177  174  171  165  159  152  144  136  129  124  122  122
  125  130  136  143  150  156  161  165  166  168  168  167  166  164  161  158
  153  147  142  136  130  126  124  123  123
    65.0-180.0 180.0   5.0 450.0                            LAT/LON1/LON2/DLON/H
  129  131  132  132  131  129  127  125  123  122  120  118  116  113  111  109
  110  112  117  125  133  141  149  154  160  165  171  179  189  201  211  218
  219  216  212  207  202  198  193  186  178  167  156  145  135  127  121  119
  120  123  128  134  140  145  149  151  153  153  153  152  152  152  152  150
  148  145  140  135  132  129  128  128  129
    62.5-180.0 180.0   5.0 450.0                            LAT/LON1/LON2/DLON/H
  130  132  134  134  132  129  126  124  123  122  123  122  120  118  115  113
  113  115  121  129  138  146  153  160  167  174  182  193  208  224  237  247
  251  248  242  235  230  225  219  211  201  188  174  161  148  138  130  126
  123  123  125  128  132  135  137  138  137  136  133  132  133  133  134  135
  135  133  130  126  124  123  123  126  130
    60.0-180.0 180.0   5.0 450.0                            LAT/LON1/LON2/DLON/H
  123  127  130  130  127  124  121  119  118  120  122  123  123  122  120  118
  118  120  125  132  139  147  154  160  168  177  188  203  222  243  261  274
  279  277  271  264  257  252  246  238  227  214  199  184  170  158  149  141
  135  131  128  128  130  131  132  130  127  123  118  115  114  114  116  117
  118  117  114  112  110  110  113  118  123
    57.5-180.0 180.0   5.0 450.0                            LAT/LON1/LON2/DLON/H
  112  118  121  120  118  113  110  109  110  113  118  122  124  125  124  122
  122  124  128  134  139  145  150  156  164  175  191  210  234  260  282  298
  306  304  298  290  284  279  273  266  255  241  225  210  197  184  174  164
  154  147  140  136  135  135  134  132  127  120  113  108  104  102  104  104
  105  103  101   98   96   96  100  105  112
    55.0-180.0 180.0   5.0 450.0                            LAT/LON1/LON2/DLON/H
  101  107  110  109  105  101   97   96   98  103  110  116  121  123  124  124
  125  127  131  134  138  142  146  151  160  173  192  217  245  275  302  321
  330  329  324  316  309  304  299  292  281  267  251  237  224  212  201  190
  178  167  157  151  147  146  145  144  139  132  123  114  108  104  103  102
  101   98   94   88   85   85   88   94  101
    52.5-180.0 180.0   5.0 450.0                            LAT/LON1/LON2/DLON/H
   92   98  100   98   93   87   83   81   84   90   99  107  113  119  122  125
  128  131  133  136  138  140  143  148  158  174  197  226  258  291  320  342
  353  353  348  340  333  328  322  314  303  289  274  260  248  237  226  215
  202  188  177  168  163  161  161  162  159  153  144  134  125  119  115  112
  108  103   95   87   81   78   80   85   92
    50.0-180.0 180.0   5.0 450.0                            LAT/LON1/LON2/DLON/H
   88   92   93   90   85   77   72   69   72   78   87   96  104  112  118  124
  129  134  137  139  140  141  144  150  163  183  209  240  274  308  339  362
  375  377  372  365  358  351  343  334  321  306  291  278  266  256  246  234
  221  206  193  182  176  173  176  178  178  175  168  158  149  141  136  131
  124  115  105   94   84   79   79   83   88
    47.5-180.0 180.0   5.0 450.0                            LAT/LON1/LON2/DLON/H
   88   90   90   86   80   72   66   63   64   70   78   86   96  104  113  123
  131  137  142  144  145  146  150  160  176  199  228  261  294  327  356  380
  394  398  395  389  381  374  364  351  336  319  304  289  278  269  259  247
  233  218  204  191  182  179  181  185  190  191  186  179  171  164  158  151
  143  132  118  104   92   84   82   84   88
    45.0-180.0 180.0   5.0 450.0                            LAT/LON1/LON2/DLON/H
   91   92   90   87   80   73   66   62   63   67   73   81   90  100  110  123
  133  143  148  151  152  154  161  175  196  224  255  287  316  345  372  395
  412  418  418  413  405  396  384  369  350  331  313  298  287  277  266  255
  240  224  208  193  181  175  175  181  188  193  194  190  185  179  175  168
  158  145  129  113   99   90   87   88   91
    42.5-180.0 180.0   5.0 450.0                            LAT/LON1/LON2/DLON/H
   93   94   92   89   83   78   72   69   68   69   73   80   89  100  112  125
  138  149  156  159  161  166  176  195  222  254  287  316  340  362  386  409
  426  438  441  438  431  421  407  389  367  343  323  307  295  284  272  259
  243  226  208  190  173  163  160  166  174  182  188  188  187  184  181  174
  164  150  133  117  102   94   90   91   93
    40.0-180.0 180.0   5.0 450.0                            LAT/LON1/LON2/DLON/H
   93   94   93   91   88   85   81   79   78   78   80   85   93  104  118  131
  145  157  165  169  172  179  193  216  249  285  319  344  363  379  397  419
  441  457  465  465  459  448  433  413  388  361  337  319  305  292  279  263
  246  228  208  186  166  152  146  148  157  166  173  177  179  178  176  171
  161  146  130  114  101   93   90   91   93
    37.5-180.0 180.0   5.0 450.0                            LAT/LON1/LON2/DLON/H
   91   92   92   91   90   90   90   89   88   88   89   94  102  114  128  142
  155  167  174  179  184  193  211  238  273  312  346  370  383  394  409  430
  456  478  493  498  493  482  465  443  416  386  359  338  322  307  290  273
  255  236  215  192  169  151  142  141  146  154  161  165  167  168  165  160
  150  136  121  106   96   90   88   89   91
    35.0-180.0 180.0   5.0 450.0                            LAT/LON1/LON2/DLON/H
   86   87   86   87   88   91   94   96   96   96   97  103  114  127  142  155
  167  177  185  191  198  209  229  257  293  332  366  389  401  409  423  445
  475  505  527  535  531  519  503  480  451  419  389  366  346  328  309  291
  273  255  236  213  191  171  159  153  154  157  159  159  158  157  154  147
  137  125  111   99   92   88   86   86   86
    32.5-180.0 180.0   5.0 450.0                            LAT/LON1/LON2/DLON/H
   84   82   80   80   83   87   93   97   99  100  102  110  123  140  156  169
  181  191  199  206  215  229  249  275  307  343  377  401  416  427  442  467
  503  539  567  577  574  562  545  522  492  458  426  400  379  359  339  320
  303  288  273  255  236  218  203  193  186  180  174  167  160  153  148  139
  129  117  106   97   93   90   88   86   84
    30.0-180.0 180.0   5.0 450.0                            LAT/LON1/LON2/DLON/H
   84   78   74   73   74   80   87   93   96   98  102  112  130  150  168  183
  195  205  214  224  236  252  270  290  316  348  381  409  431  450  470  500
  540  580  612  623  618  606  589  567  537  502  469  440  418  398  378  360
  347  338  329  317  303  287  271  255  240  224  206  188  173  160  150  140
  129  120  111  105  103  101   97   91   84
    27.5-180.0 180.0   5.0 450.0                            LAT/LON1/LON2/DLON/H
   90   78   71   67   67   72   79   86   89   91   96  109  131  156  179  195
  208  219  231  245  260  277  292  305  322  347  380  415  447  477  507  542
  584  628  658  668  662  648  631  611  583  548  512  483  461  443  426  412
  403  399  395  388  378  364  347  327  305  277  247  219  195  176  162  151
  141  132  126  125  125  122  115  102   90
    25.0-180.0 180.0   5.0 450.0                            LAT/LON1/LON2/DLON/H
  100   84   73   66   65   68   74   80   82   83   88  103  128  158  184  203
  218  233  248  266  284  301  312  318  327  346  380  422  468  511  552  592
  636  676  703  709  699  684  669  651  626  592  555  526  507  494  482  470
  464  463  461  456  447  432  415  393  363  328  289  252  221  198  182  170
  162  154  151  152  154  151  138  119  100
    22.5-180.0 180.0   5.0 450.0                            LAT/LON1/LON2/DLON/H
  114   93   79   72   69   70   74   78   78   78   82   96  123  157  186  209
  226  244  262  283  304  320  328  327  330  347  384  436  494  550  600  644
  686  721  739  738  726  710  697  684  664  633  596  566  553  547  539  530
  524  521  516  507  492  475  457  434  402  363  321  281  247  222  206  196
  188  182  180  182  185  181  165  140  114
    20.0-180.0 180.0   5.0 450.0                            LAT/LON1/LON2/DLON/H
  128  105   90   83   79   79   81   83   81   78   79   93  120  155  188  213
  232  251  272  294  315  330  336  332  333  352  393  455  524  590  645  691
  729  754  762  756  740  725  715  709  696  669  632  603  594  595  593  585
  577  567  551  529  504  482  462  441  413  376  337  300  269  245  230  222
  216  210  207  210  213  208  188  159  128
    17.5-180.0 180.0   5.0 450.0                            LAT/LON1/LON2/DLON/H
  142  117  103   96   94   93   94   94   89   84   83   94  120  155  189  215
  236  256  277  298  318  330  335  333  338  362  411  479  555  626  683  726
  757  772  772  759  741  729  725  726  721  699  663  634  629  636  638  630
  617  595  563  523  484  454  435  420  399  372  340  311  285  265  252  246
  241  234  228  228  232  227  206  174  142
    15.0-180.0 180.0   5.0 450.0                            LAT/LON1/LON2/DLON/H
  153  129  116  111  108  108  107  106  101   94   91   99  123  157  192  218
  240  259  279  297  312  323  329  334  346  379  435  507  584  652  706  744
  768  775  767  751  735  726  728  737  739  721  686  659  655  665  669  661
  641  607  556  497  443  407  390  383  373  358  338  318  299  282  271  267
  262  252  242  239  241  236  216  185  153
    12.5-180.0 180.0   5.0 450.0                            LAT/LON1/LON2/DLON/H
  161  138  127  123  121  118  117  115  110  103   99  106  129  161  195  222
  243  261  278  292  303  313  322  336  361  404  465  537  608  668  714  745
  762  765  755  740  728  724  732  745  751  736  703  676  672  681  686  678
  653  608  541  466  400  361  348  351  352  348  340  329  315  301  290  284
  277  264  249  242  241  237  220  192  161
    10.0-180.0 180.0   5.0 450.0                            LAT/LON1/LON2/DLON/H
  168  146  136  130  127  123  120  119  115  108  105  113  134  165  198  225
  246  264  279  289  297  306  321  345  383  437  501  565  624  672  708  733
  747  750  743  733  727  728  739  754  759  743  709  684  679  686  689  681
  655  603  529  445  374  335  329  340  351  355  353  347  336  321  308  299
  289  273  254  242  239  235  222  196  168
     7.5-180.0 180.0   5.0 450.0                            LAT/LON1/LON2/DLON/H
  177  155  142  135  127  119  115  114  111  107  107  116  136  167  200  228
  251  269  283  292  299  310  330  365  414  475  537  591  634  667  693  715
  731  739  739  737  737  743  754  765  764  742  709  684  677  680  681  673
  650  599  526  445  377  343  344  361  375  381  380  374  362  344  326  312
  299  282  261  245  238  234  224  203  177
     5.0-180.0 180.0   5.0 450.0                            LAT/LON1/LON2/DLON/H
  187  164  148  136  123  112  105  102  100  100  102  113  135  166  200  230
  255  277  293  304  313  327  354  396  453  515  570  610  637  657  676  698
  720  736  748  754  760  766  774  778  767  737  702  678  668  665  662  658
  640  599  537  467  409  383  390  409  421  423  417  406  389  368  345  325
  309  293  272  253  242  238  229  211  187
     2.5-180.0 180.0   5.0 450.0                            LAT/LON1/LON2/DLON/H
  198  174  155  138  120  104   94   90   89   89   94  109  132  162  197  231
  260  287  308  325  340  360  391  436  493  552  596  621  633  643  660  687
  718  746  768  782  790  794  796  789  767  729  691  666  652  643  638  635
  627  600  557  504  461  444  454  470  474  467  452  434  412  386  359  337
  320  307  288  265  250  244  238  221  198
