tests/test_files/igsg0760.15i
     1.0            IONOSPHERE MAPS     MIX                 IONEX VERSION / TYPE
cmpcmb v1.2          GRL/UWM             1-apr-15 11:22     PGM / RUN BY / DATE 
ionex file containing IGS COMBINED Ionosphere maps          COMMENT             
global ionosphere maps for day 076, 2015                    DESCRIPTION         
IONEX file containing the COMBINED IGS TEC MAPS and DCBs    DESCRIPTION         
      IONEX files of the following IAACs were combined: cod DESCRIPTION         
                                                        jpl DESCRIPTION         
Contact address: Andrzej Krankowski                         DESCRIPTION
                 Geodynamics Research Laboratory            DESCRIPTION
                 University of Warmia and Mazury (GRL/UWM)  DESCRIPTION
                 Oczapowski St. 1                           DESCRIPTION
                 10-957-Olsztyn, POLAND                     DESCRIPTION
                 e-mail:  kand@uwm.edu.pl                   DESCRIPTION
                                                            DESCRIPTION         
  2015     3    17     0     0     0                        EPOCH OF FIRST MAP  
  2015     3    18     0     0     0                        EPOCH OF LAST MAP   
  7200                                                      INTERVAL            
    13                                                      # OF MAPS IN FILE   
  COSZ                                                      MAPPING FUNCTION    
     0.0                                                    ELEVATION CUTOFF    
combined TEC calculated as weighted mean of input TEC valuesOBSERVABLES USED    
   327                                                      # OF STATIONS       
    31                                                      # OF SATELLITES     
  6371.0                                                    BASE RADIUS         
     2                                                      MAP DIMENSION       
   450.0 450.0   0.0                                        HGT1 / HGT2 / DHGT  
    87.5 -87.5  -2.5                                        LAT1 / LAT2 / DLAT  
  -180.0 180.0   5.0                                        LON1 / LON2 / DLON  
    -1                                                      EXPONENT            
TEC values in 0.1 tec units;  9999, if no value available   COMMENT             
DCB values in nanoseconds, reference is Sum_of_SatDCBs = 0  COMMENT             
                                                            END OF HEADER       
[from data line 3861]
    10                                                      START OF TEC MAP    
  2015     3    17    18     0     0                        EPOCH OF CURRENT MAP
    87.5-180.0 180.0   5.0 450.0                            LAT/LON1/LON2/DLON/H
  143  144  145  147  148  149  150  151  152  153  154  156  156  157  157  158
  158  158  158  158  158  158  157  157  156  155  154  154  152  152  150  149
  147  146  145  144  142  141  140  139  138  137  136  135  134  134  134  133
  132  132  132  132  132  132  132  133  132  133  132  133  134  134  134  135
  136  137  137  138  139  140  141  142  143
    85.0-180.0 180.0   5.0 450.0                            LAT/LON1/LON2/DLON/H
  131  133  135  138  140  143  146  148  151  153  156  158  160  162  163  164
  166  167  167  167  167  167  166  165  164  162  160  158  156  153  151  148
  146  144  141  138  135  132  130  128  126  125  122  121  120  119  118  118
  118  118  117  118  118  118  118  119  119  119  119  120  120  120  120  121
  121  122  122  123  124  125  127  129  131
    82.5-180.0 180.0   5.0 450.0                            LAT/LON1/LON2/DLON/H
  112  115  119  122  126  130  134  139  143  147  151  154  158  161  164  166
  168  170  170  172  172  172  171  171  169  167  165  163  160  157  154  150
  146  142  138  134  131  127  123  120  117  114  112  110  108  107  106  105
  105  105  106  106  107  107  108  109  109  108  108  108  107  106  105  105
  104  103  103  104  104  106  107  110  112
    80.0-180.0 180.0   5.0 450.0                            LAT/LON1/LON2/DLON/H
   92   96   99  103  108  114  119  124  130  135  141  146  150  155  159  163
  166  168  171  172  173  174  175  174  174  173  171  169  166  163  159  155
  151  146  142  137  132  128  123  119  115  112  109  106  103  101   99   98
   98   97   98   99  100  101  102  103  103  102  101  100   98   95   93   90
   88   86   85   85   85   86   87   90   92
    77.5-180.0 180.0   5.0 450.0                            LAT/LON1/LON2/DLON/H
   76   79   83   87   91   96  102  108  114  121  128  135  141  147  153  157
  161  165  168  171  173  175  177  177  178  178  177  176  174  172  168  164
  159  154  149  144  139  135  131  126  123  119  115  111  107  104  101   98
   96   96   96   97   99  100  102  103  104  103  102   98   94   90   86   81
   77   73   72   70   69   70   71   73   76
    75.0-180.0 180.0   5.0 450.0                            LAT/LON1/LON2/DLON/H
   69   70   73   76   79   83   88   94  101  109  117  124  132  139  146  151
  156  161  165  169  172  176  178  179  181  182  181  181  180  178  176  172
  168  164  158  153  148  144  140  138  136  132  130  125  120  115  110  105
  101   99   98   99  102  104  107  109  110  109  107  103   98   92   85   79
   73   69   66   64   63   64   65   67   69
    72.5-180.0 180.0   5.0 450.0                            LAT/LON1/LON2/DLON/H
   71   71   71   72   73   75   78   84   91   99  108  117  126  134  141  147
  153  159  164  169  174  177  180  181  181  181  181  180  180  179  177  175
  172  167  162  157  153  150  149  149  149  149  148  144  139  132  124  116
  110  105  103  104  106  110  113  117  118  118  116  111  105   97   90   83
   76   72   69   67   67   68   69   70   71
    70.0-180.0 180.0   5.0 450.0                            LAT/LON1/LON2/DLON/H
   81   80   77   75   73   72   75   79   86   94  104  114  123  132  139  145
  152  159  166  173  179  182  183  181  179  176  172  170  169  168  168  167
  166  162  157  152  147  145  147  151  157  161  164  163  158  149  139  128
  119  112  108  108  110  114  119  124  126  127  124  120  113  105   98   90
   84   79   78   77   78   80   81   82   81
    67.5-180.0 180.0   5.0 450.0                            LAT/LON1/LON2/DLON/H
   95   92   86   81   76   74   74   77   85   93  104  114  123  131  139  146
  154  163  173  182  188  190  188  182  173  164  155  149  146  146  148  149
  149  147  142  135  130  127  131  139  151  163  171  174  171  162  151  138
  125  117  111  110  111  116  121  126  130  131  130  126  119  112  105   98
   93   90   89   89   91   93   96   96   95
    65.0-180.0 180.0   5.0 450.0                            LAT/LON1/LON2/DLON/H
  105  101   95   87   80   76   75   79   85   95  105  114  123  131  138  147
  157  169  183  195  202  203  196  184  167  148  131  121  115  116  120  125
  127  126  120  111  102   98  102  114  131  151  165  173  174  167  156  142
  129  118  112  109  109  113  118  124  127  129  128  126  120  114  108  103
   99   97   96   97   99  103  105  106  105
    62.5-180.0 180.0   5.0 450.0                            LAT/LON1/LON2/DLON/H
  107  104   97   89   82   78   77   80   87   96  105  114  122  129  137  146
  159  176  193  209  217  217  207  188  163  135  110   92   85   87   95  104
  110  108  101   87   74   65   68   81  102  126  147  160  164  161  152  140
  128  117  110  107  106  108  112  116  119  122  121  119  116  111  107  103
  100   98   98   99  100  103  106  108  107
    60.0-180.0 180.0   5.0 450.0                            LAT/LON1/LON2/DLON/H
  100   98   94   87   81   78   77   81   87   96  104  112  118  125  134  145
  161  181  201  220  231  232  220  198  167  131   99   76   66   70   83   97
  105  105   95   76   58   44   41   52   73   98  121  137  145  145  141  133
  124  115  109  105  102  102  104  106  109  110  110  109  106  104  101  100
   97   95   93   92   92   94   97   99  100
    57.5-180.0 180.0   5.0 450.0                            LAT/LON1/LON2/DLON/H
   87   88   86   83   79   77   78   81   87   93   99  105  112  118  128  141
  159  181  204  225  239  243  235  214  183  145  107   80   70   77   94  113
  125  124  111   90   66   46   38   41   57   77   96  111  120  124  126  124
  120  114  109  105  101   98   98   98   98   98   98   97   95   93   93   92
   90   88   84   80   78   77   80   83   87
    55.0-180.0 180.0   5.0 450.0                            LAT/LON1/LON2/DLON/H
   72   76   79   79   79   79   81   84   87   90   94   98  103  111  121  137
  156  177  201  223  239  249  248  236  212  179  143  115  105  112  133  155
  169  169  155  132  105   83   67   62   65   74   84   92   99  106  112  116
  116  115  111  106  101   97   94   92   91   91   90   88   86   84   83   83
   82   78   73   66   61   58   61   66   72
    52.5-180.0 180.0   5.0 450.0                            LAT/LON1/LON2/DLON/H
   61   70   75   79   83   85   87   89   89   89   88   90   95  103  116  132
  150  170  191  211  231  248  260  264  255  234  205  180  170  179  201  224
  238  238  225  204  180  155  133  115  102   94   90   88   90   97  105  112
  116  116  113  109  104   99   94   92   90   88   86   83   79   77   75   75
   74   71   64   56   48   45   46   53   61
    50.0-180.0 180.0   5.0 450.0                            LAT/LON1/LON2/DLON/H
   59   70   79   86   92   96   99   98   95   90   86   85   89   99  112  128
  145  161  176  194  217  242  269  292  305  303  287  269  262  271  291  312
  324  324  314  299  280  256  228  197  166  139  118  103   98  100  107  114
  118  118  115  111  107  102   98   95   93   92   89   85   79   74   71   70
   69   66   60   51   43   38   40   48   59
    47.5-180.0 180.0   5.0 450.0                            LAT/LON1/LON2/DLON/H
   65   77   88   98  107  113  115  113  106   97   89   86   89   98  113  127
  141  151  161  176  199  232  275  320  357  378  378  372  370  379  396  411
  420  419  413  403  390  369  337  294  248  203  166  139  124  119  119  121
  121  119  116  113  109  106  103  101  101  100   97   92   83   75   70   68
   67   65   60   52   44   41   44   53   65
    45.0-180.0 180.0   5.0 450.0                            LAT/LON1/LON2/DLON/H
   76   89  101  114  125  133  136  132  122  110  101   96   98  106  118  129
  139  144  149  160  183  224  281  346  406  447  467  475  482  493  506  514
  516  514  509  505  497  479  444  393  334  276  226  189  163  149  141  134
  127  121  116  113  112  111  109  108  109  110  109  103   93   82   74   70
   69   68   64   58   52   51   55   64   76
    42.5-180.0 180.0   5.0 450.0                            LAT/LON1/LON2/DLON/H
   89  101  115  130  144  155  160  156  146  133  122  117  117  122  129  136
  141  142  143  152  177  224  290  370  446  505  542  565  584  601  612  614
  610  603  598  596  589  570  532  477  411  348  291  245  211  187  167  150
  135  124  118  116  117  117  117  116  117  119  120  116  105   92   81   75
   73   72   70   66   63   63   68   78   89
    40.0-180.0 180.0   5.0 450.0                            LAT/LON1/LON2/DLON/H
   98  110  125  143  162  178  185  184  175  164  156  152  149  148  148  148
  149  148  149  159  186  237  309  396  480  549  599  636  668  695  709  708
  698  686  676  670  659  636  594  537  472  408  350  301  260  226  197  171
  149  133  125  124  126  128  127  125  124  127  130  128  118  104   91   82
   79   78   75   73   70   73   79   88   98
    37.5-180.0 180.0   5.0 450.0                            LAT/LON1/LON2/DLON/H
  101  113  130  153  177  199  211  213  208  203  201  199  195  186  177  168
  165  164  168  183  214  268  342  429  513  583  639  686  731  770  792  793
  781  763  745  729  708  675  629  571  510  452  397  347  302  262  225  194
  168  149  141  140  143  144  140  133  130  132  136  136  129  116  101   91
   85   82   79   75   75   78   84   92  101
    35.0-180.0 180.0   5.0 450.0                            LAT/LON1/LON2/DLON/H
   97  111  132  160  192  220  238  243  245  246  252  257  252  237  217  200
  192  193  204  226  263  319  393  474  551  614  666  716  772  823  858  867
  856  834  807  778  742  696  641  583  528  477  429  382  336  294  255  222
  196  176  166  164  165  164  156  144  135  134  139  141  137  126  112  100
   92   85   80   75   74   77   82   89   97
    32.5-180.0 180.0   5.0 450.0                            LAT/LON1/LON2/DLON/H
   91  107  132  168  207  241  265  275  281  291  307  320  317  298  271  246
  235  240  258  288  332  391  462  536  600  649  690  736  794  858  908  930
  925  900  863  818  766  704  639  579  528  487  446  406  363  322  286  256
  232  212  200  194  192  188  176  158  142  136  139  143  141  133  120  108
   97   89   80   73   70   72   76   82   91
    30.0-180.0 180.0   5.0 450.0                            LAT/LON1/LON2/DLON/H
   86  105  136  179  224  265  292  307  316  332  359  381  386  368  338  309
  297  304  329  367  417  479  547  613  663  694  717  751  807  878  942  978
  981  955  910  851  784  706  629  566  519  485  455  422  385  349  319  295
  275  256  238  227  220  213  196  173  151  139  138  142  142  136  126  114
  103   92   81   72   67   67   70   75   86
    27.5-180.0 180.0   5.0 450.0                            LAT/LON1/LON2/DLON/H
   86  109  146  194  245  289  321  337  348  369  404  438  453  444  417  390
  378  388  416  457  510  573  640  700  738  751  754  769  816  888  961 1008
 1018  992  941  875  795  707  619  549  505  480  459  436  407  379  356  339
  322  301  276  255  243  233  216  189  162  145  140  142  142  137  129  119
  109   96   84   73   66   64   67   73   86
    25.0-180.0 180.0   5.0 450.0                            LAT/LON1/LON2/DLON/H
   93  121  162  213  267  315  348  365  377  399  440  485  515  520  506  487
  478  487  515  554  604  664  731  787  818  817  799  794  824  888  962 1015
 1028 1004  952  883  799  702  608  534  492  474  465  453  433  411  395  383
  367  341  306  276  258  247  232  207  178  156  145  143  142  138  131  123
  114  103   90   78   70   68   70   77   93
    22.5-180.0 180.0   5.0 450.0                            LAT/LON1/LON2/DLON/H
  106  138  182  234  289  338  371  390  401  423  466  521  568  594  599  593
  591  599  619  649  691  747  811  868  896  885  850  822  831  881  946  995
 1008  985  936  871  790  694  597  522  482  474  477  475  464  447  435  423
  405  371  326  285  262  253  244  224  196  172  155  146  142  137  131  126
  119  110   98   87   79   76   78   88  106
    20.0-180.0 180.0   5.0 450.0                            LAT/LON1/LON2/DLON/H
  123  157  202  253  306  355  390  410  420  441  485  546  608  657  686  699
  705  712  722  738  767  813  875  932  961  947  899  851  837  866  914  952
  960  937  894  838  766  679  586  513  478  478  494  504  498  484  470  455
  430  387  332  284  258  253  253  241  219  192  170  155  146  138  132  127
  122  115  106   96   89   86   89  101  123
    17.5-180.0 180.0   5.0 450.0                            LAT/LON1/LON2/DLON/H
  139  175  219  267  316  363  401  424  436  454  496  559  633  702  755  788
  806  813  814  816  830  864  919  976 1007  993  938  874  839  843  870  892
  891  869  833  789  732  658  574  508  480  490  517  536  535  519  499  475
  441  390  328  276  252  253  261  260  244  217  189  167  151  140  132  128
  124  119  111  104   98   95  100  114  139
    15.0-180.0 180.0   5.0 450.0                            LAT/LON1/LON2/DLON/H
  149  185  227  271  317  364  404  432  448  466  503  564  643  726  798  851
  882  891  887  879  879  901  946  999 1032 1020  961  887  834  817  819  822
  813  791  763  732  691  634  566  509  489  506  543  569  570  548  518  485
  441  383  320  270  249  257  274  280  269  242  209  181  160  145  135  129
  125  119  114  107  102  100  106  122  149
    12.5-180.0 180.0   5.0 450.0                            LAT/LON1/LON2/DLON/H
  153  189  228  268  310  356  400  434  456  475  507  562  638  725  810  878
  921  938  934  922  916  927  960 1004 1033 1022  964  887  823  787  771  757
  741  721  699  681  655  615  562  517  504  528  571  600  598  570  530  487
  435  375  315  271  257  271  294  305  295  266  229  197  171  152  139  131
  125  118  112  106  101  100  106  125  153
    10.0-180.0 180.0   5.0 450.0                            LAT/LON1/LON2/DLON/H
  152  187  222  259  298  343  391  432  460  482  511  557  624  706  794  870
  923  948  953  947  942  947  966  995 1016 1003  948  873  807  762  731  707
  688  671  657  646  633  607  569  535  525  552  595  624  618  584  537  485
  430  371  319  284  279  298  323  332  318  286  247  211  182  161  146  135
  125  116  108  101   96   95  103  122  152
     7.5-180.0 180.0   5.0 450.0                            LAT/LON1/LON2/DLON/H
  149  182  215  248  284  329  378  424  461  489  516  552  607  679  761  839
  897  930  946  954  958  960  967  980  986  969  917  849  788  743  707  680
  664  652  643  637  630  614  587  559  552  576  615  639  629  591  540  485
  429  376  334  310  312  335  358  360  338  300  258  222  193  171  154  140
  127  114  104   96   91   90   98  118  149
     5.0-180.0 180.0   5.0 450.0                            LAT/LON1/LON2/DLON/H
  147  179  209  240  274  317  366  416  460  493  522  552  595  654  727  799
  858  897  925  949  966  971  968  962  953  928  879  820  770  732  701  681
  671  665  659  652  647  634  611  587  578  594  625  642  630  591  541  488
  436  390  357  343  350  374  391  383  350  306  263  227  199  178  162  146
  129  113  101   93   87   86   96  117  147
     2.5-180.0 180.0   5.0 450.0                            LAT/LON1/LON2/DLON/H
  149  179  208  237  270  310  356  406  455  496  529  557  592  640  703  768
  823  863  899  936  967  978  969  949  924  889  843  794  755  729  711  704
  705  705  697  686  675  657  634  610  598  605  623  633  620  586  541  493
  447  407  381  372  382  404  414  394  350  301  258  225  200  182  168  152
  134  116  102   94   89   89  100  121  149
