tests/test_files/igsg0760.15i
     1.0            IONOSPHERE MAPS     MIX                 IONEX VERSION / TYPE
cmpcmb v1.2          GRL/UWM             1-apr-15 11:22     PGM / RUN BY / DATE 
ionex file containing IGS COMBINED Ionosphere maps          COMMENT             
global ionosphere maps for day 076, 2015                    DESCRIPTION         
IONEX file containing the COMBINED IGS TEC MAPS and DCBs    DESCRIPTION         
      IONEX files of the following IAACs were combined: cod DESCRIPTION         
                                                        jpl DESCRIPTION         
Contact address: Andrzej Krankowski                         DESCRIPTION
                 Geodynamics Research Laboratory            DESCRIPTION
                 University of Warmia and Mazury (GRL/UWM)  DESCRIPTION
                 Oczapowski St. 1                           DESCRIPTION
                 10-957-Olsztyn, POLAND                     DESCRIPTION
                 e-mail:  kand@uwm.edu.pl                   DESCRIPTION
                                                            DESCRIPTION         
  2015     3    17     0     0     0                        EPOCH OF FIRST MAP  
  2015     3    18     0     0     0                        EPOCH OF LAST MAP   
  7200                                                      INTERVAL            
    13                                                      # OF MAPS IN FILE   
  COSZ                                                      MAPPING FUNCTION    
     0.0                                                    ELEVATION CUTOFF    
combined TEC calculated as weighted mean of input TEC valuesOBSERVABLES USED    
   327                                                      # OF STATIONS       
    31                                                      # OF SATELLITES     
  6371.0                                                    BASE RADIUS         
     2                                                      MAP DIMENSION       
   450.0 450.0   0.0                                        HGT1 / HGT2 / DHGT  
    87.5 -87.5  -2.5                                        LAT1 / LAT2 / DLAT  
  -180.0 180.0   5.0                                        LON1 / LON2 / DLON  
    -1                                                      EXPONENT            
TEC values in 0.1 tec units;  9999, if no value available   COMMENT             
DCB values in nanoseconds, reference is Sum_of_SatDCBs = 0  COMMENT             
                                                            END OF HEADER       
[from data line 3432]
     9                                                      START OF TEC MAP    
  2015     3    17    16     0     0                        EPOCH OF CURRENT MAP
    87.5-180.0 180.0   5.0 450.0                            LAT/LON1/LON2/DLON/H
  116  118  119  120  121  122  123  123  123  123  124  124  124  123  124  123
  122  122  120  120  120  118  117  116  115  113  112  111  110  108  107  105
  103  102  100   99   97   96   95   93   92   91   90   89   88   88   87   87
   87   87   87   87   88   89   90   90   92   93   94   96   97   99  101  102
  104  106  107  109  110  112  114  115  116
    85.0-180.0 180.0   5.0 450.0                            LAT/LON1/LON2/DLON/H
  123  125  127  128  131  132  133  134  135  135  136  135  135  134  134  133
  132  130  129  127  126  124  122  121  119  118  116  114  112  110  108  106
  104  101   99   97   94   90   88   85   83   79   77   76   73   72   70   69
   70   69   70   71   72   73   75   77   79   81   84   87   90   93   96   99
  102  105  107  110  113  116  118  120  123
    82.5-180.0 180.0   5.0 450.0                            LAT/LON1/LON2/DLON/H
  122  125  127  130  132  134  135  137  138  138  138  139  138  137  136  135
  133  131  130  128  126  124  123  122  120  119  117  117  116  115  113  112
  110  108  105  102   99   95   91   87   82   78   75   70   68   65   63   61
   61   61   61   62   64   66   67   70   73   77   80   83   87   90   94   97
  101  104  107  109  112  115  118  120  122
    80.0-180.0 180.0   5.0 450.0                            LAT/LON1/LON2/DLON/H
  115  117  120  122  124  127  130  132  133  135  135  136  135  134  133  131
  129  127  125  123  121  120  119  119  118  118  119  119  119  120  121  121
  120  120  118  115  112  107  103   98   93   87   82   77   73   70   68   67
   66   65   66   66   67   69   71   73   76   79   83   86   89   93   95   98
  101  103  105  107  108  110  112  114  115
    77.5-180.0 180.0   5.0 450.0                            LAT/LON1/LON2/DLON/H
  103  104  107  109  112  115  119  121  124  126  127  128  128  126  125  124
  122  120  118  117  116  116  116  116  117  117  119  120  122  124  126  127
  129  129  129  128  126  123  118  113  107  102   98   93   90   88   86   85
   85   85   85   85   85   85   86   87   88   90   92   94   97   99  102  103
  104  104  104  104  103  103  103  103  103
    75.0-180.0 180.0   5.0 450.0                            LAT/LON1/LON2/DLON/H
   91   92   93   95   99  103  106  110  114  117  118  119  119  118  117  116
  115  114  114  114  114  115  115  116  118  119  120  122  123  125  127  129
  132  133  134  135  133  132  129  125  120  116  113  111  111  112  113  114
  116  117  116  115  112  110  107  105  104  104  105  106  108  109  110  110
  109  107  105  102   99   96   94   92   91
    72.5-180.0 180.0   5.0 450.0                            LAT/LON1/LON2/DLON/H
   84   83   84   86   90   94   98  102  106  108  111  111  111  111  110  110
  110  111  113  115  117  120  122  124  125  126  125  125  124  124  124  125
  127  129  131  132  131  131  129  127  125  123  124  126  130  135  141  147
  151  152  151  148  142  135  129  124  120  118  117  118  118  118  118  117
  115  112  108  103   98   93   89   85   84
    70.0-180.0 180.0   5.0 450.0                            LAT/LON1/LON2/DLON/H
   82   81   81   83   86   90   95   98  102  105  106  106  106  106  105  106
  108  111  115  120  126  131  135  138  140  139  137  132  126  121  118  117
  116  118  120  121  121  121  119  119  119  121  125  132  141  152  163  173
  180  183  181  175  166  155  145  136  129  126  124  123  124  125  125  123
  121  117  112  107  101   95   89   85   82
    67.5-180.0 180.0   5.0 450.0                            LAT/LON1/LON2/DLON/H
   87   85   85   87   89   93   96  100  102  103  104  103  102  101  102  104
  107  113  120  128  138  146  153  158  160  158  153  144  133  122  113  108
  106  106  108  109  109  108  106  105  106  109  117  128  142  158  173  187
  196  200  197  189  176  162  148  136  129  124  122  122  123  125  126  126
  124  121  117  112  106  100   95   90   87
    65.0-180.0 180.0   5.0 450.0                            LAT/LON1/LON2/DLON/H
   95   93   93   93   95   98  100  101  103  103  103  101  100  100   99  102
  106  113  123  135  149  161  172  180  184  182  176  164  148  131  117  108
  103  102  103  104  103  100   97   93   93   97  106  118  135  153  171  186
  197  200  196  185  171  155  139  126  118  113  113  114  116  119  121  123
  123  122  120  116  111  106  102   98   95
    62.5-180.0 180.0   5.0 450.0                            LAT/LON1/LON2/DLON/H
  102  100   99   99   99  101  102  103  102  102  101  100   98   97   98  100
  105  113  124  138  154  171  186  199  207  208  203  191  174  155  137  125
  118  116  116  116  113  107  100   94   90   92  100  111  126  142  159  172
  180  183  179  168  153  136  121  109  101   99   99  101  105  109  113  116
  118  120  119  117  114  110  107  104  102
    60.0-180.0 180.0   5.0 450.0                            LAT/LON1/LON2/DLON/H
  103  101  100  100   99  100  100   99   99   98   97   96   95   95   96   98
  102  110  120  136  154  174  194  212  225  233  234  227  214  197  180  166
  158  154  152  149  144  134  123  112  104  102  105  112  121  132  142  152
  157  158  154  144  130  115  102   92   86   85   86   89   93   97  102  106
  110  113  114  113  112  110  107  105  103
    57.5-180.0 180.0   5.0 450.0                            LAT/LON1/LON2/DLON/H
   97   96   95   94   94   93   93   93   92   92   91   91   92   93   94   96
   99  105  115  128  147  169  194  218  240  256  267  271  268  258  246  235
  224  217  211  204  195  181  165  150  139  131  128  126  126  127  129  131
  133  133  129  122  111  100   89   81   78   77   79   81   85   88   92   96
  100  104  106  106  105  103  101  100   97
    55.0-180.0 180.0   5.0 450.0                            LAT/LON1/LON2/DLON/H
   86   84   82   82   83   84   84   85   85   85   86   88   90   93   95   96
   98  103  109  121  137  160  188  218  249  278  303  321  332  334  331  322
  311  300  289  277  262  243  224  205  190  176  165  154  143  133  124  118
  116  115  113  110  103   95   87   82   80   80   80   82   82   84   86   88
   91   94   95   95   94   93   91   88   86
    52.5-180.0 180.0   5.0 450.0                            LAT/LON1/LON2/DLON/H
   73   70   69   69   71   73   76   78   80   82   84   87   90   94   97   99
  100  103  107  116  130  151  181  217  257  298  339  373  399  416  422  418
  407  392  376  358  336  313  290  269  250  232  213  192  169  147  129  116
  110  109  110  109  106  102   96   93   91   91   90   88   87   85   85   85
   86   86   85   84   82   80   78   75   73
    50.0-180.0 180.0   5.0 450.0                            LAT/LON1/LON2/DLON/H
   61   58   57   59   63   68   72   77   81   84   87   90   95   99  102  105
  106  108  110  117  129  149  180  219  267  320  372  422  463  493  509  509
  498  481  460  436  408  380  354  330  309  287  262  234  201  169  142  123
  115  114  116  118  118  115  112  109  108  107  105  102   97   92   89   86
   83   80   77   74   71   70   68   65   61
    47.5-180.0 180.0   5.0 450.0                            LAT/LON1/LON2/DLON/H
   55   52   51   55   61   68   76   83   89   93   97  100  104  108  110  113
  115  117  121  127  139  159  189  232  284  343  405  464  515  554  577  581
  572  554  531  503  472  440  410  383  359  334  305  273  235  195  162  138
  127  126  128  131  131  129  127  125  125  124  121  117  110  102   96   90
   84   77   72   67   64   63   62   59   55
    45.0-180.0 180.0   5.0 450.0                            LAT/LON1/LON2/DLON/H
   55   53   53   57   65   75   85   95  104  110  115  118  120  121  122  124
  127  132  138  146  159  180  212  255  310  371  435  496  551  592  619  627
  622  606  585  556  524  489  456  425  396  368  338  304  264  222  184  157
  143  139  140  140  140  138  135  135  136  137  135  130  122  113  104   95
   86   78   70   64   63   63   62   59   55
    42.5-180.0 180.0   5.0 450.0                            LAT/LON1/LON2/DLON/H
   61   58   59   65   74   85   98  110  122  132  138  142  142  141  138  137
  141  148  159  172  190  214  248  292  345  403  462  519  569  610  637  649
  648  638  621  595  563  527  491  456  422  390  359  327  288  246  206  177
  160  152  148  145  142  139  136  136  139  142  143  138  130  120  110  101
   91   80   71   66   65   66   67   66   61
    40.0-180.0 180.0   5.0 450.0                            LAT/LON1/LON2/DLON/H
   69   66   67   73   82   95  109  125  140  155  165  170  170  166  159  156
  159  168  182  201  225  254  292  336  385  438  488  535  577  611  637  652
  657  653  643  623  595  559  521  480  441  405  374  344  308  266  228  197
  177  164  155  147  141  136  132  132  136  141  144  142  135  126  116  106
   96   84   74   69   70   73   75   73   69
    37.5-180.0 180.0   5.0 450.0                            LAT/LON1/LON2/DLON/H
   75   71   72   78   87   99  114  134  155  176  193  203  204  197  188  181
  182  192  209  232  261  295  336  381  428  472  512  548  579  607  631  648
  658  661  657  644  620  588  548  504  459  419  387  357  323  285  249  220
  199  181  166  154  145  137  131  129  132  137  142  141  136  129  120  110
   99   88   79   74   75   79   81   79   75
    35.0-180.0 180.0   5.0 450.0                            LAT/LON1/LON2/DLON/H
   75   72   72   78   86   97  113  136  164  194  220  236  241  235  223  213
  211  218  236  261  294  333  377  424  469  506  537  563  586  608  628  646
  660  668  670  662  643  614  575  529  480  437  403  372  338  304  273  248
  227  207  189  173  162  152  141  133  132  134  138  138  134  129  122  114
  104   93   83   78   79   82   84   81   75
    32.5-180.0 180.0   5.0 450.0                            LAT/LON1/LON2/DLON/H
   72   67   67   72   79   88  105  132  168  207  242  267  278  276  265  253
  247  251  267  291  325  365  412  460  503  536  562  583  601  620  638  657
  672  682  685  680  664  637  601  555  506  460  424  390  356  326  302  285
  268  249  230  212  199  185  168  152  140  136  135  134  131  127  123  118
  109   98   87   81   80   82   82   78   72
    30.0-180.0 180.0   5.0 450.0                            LAT/LON1/LON2/DLON/H
   66   61   61   64   68   77   94  125  168  216  260  294  313  317  309  297
  290  291  303  325  355  394  440  488  530  563  587  608  628  646  664  681
  694  703  704  696  681  657  623  581  533  489  449  413  379  352  338  330
  321  307  289  272  257  238  214  185  161  146  137  132  128  126  125  122
  115  104   91   82   79   79   78   73   66
    27.5-180.0 180.0   5.0 450.0                            LAT/LON1/LON2/DLON/H
   62   57   55   56   59   66   85  121  169  223  273  313  342  352  350  343
  336  336  345  363  388  423  465  511  552  585  613  638  663  685  703  717
  726  729  723  710  692  669  639  602  560  518  479  441  408  386  381  384
  385  376  361  344  326  303  270  229  192  164  145  134  128  126  128  127
  122  111   96   84   78   77   74   69   62
    25.0-180.0 180.0   5.0 450.0                            LAT/LON1/LON2/DLON/H
   63   58   56   55   55   62   82  122  174  230  282  326  360  379  386  385
  383  385  393  407  428  455  491  531  570  605  637  670  702  728  747  758
  761  756  741  720  697  673  648  618  583  547  511  474  442  426  428  441
  449  446  431  412  392  365  326  277  229  191  163  145  134  131  133  135
  130  119  103   88   79   75   73   69   63
    22.5-180.0 180.0   5.0 450.0                            LAT/LON1/LON2/DLON/H
   70   66   62   60   59   65   88  130  185  238  287  332  369  396  412  419
  426  434  446  459  474  493  519  552  586  621  658  698  738  769  789  796
  792  778  755  726  698  675  654  632  605  575  544  512  482  468  474  490
  502  500  483  460  437  410  371  322  270  227  192  166  149  143  144  144
  139  128  112   96   84   79   76   74   70
    20.0-180.0 180.0   5.0 450.0                            LAT/LON1/LON2/DLON/H
   83   79   74   70   69   76  102  145  199  248  291  332  371  403  426  444
  462  480  498  513  524  534  550  574  602  634  673  719  764  799  819  824
  814  793  766  733  702  679  663  648  628  604  579  552  527  511  513  526
  535  528  504  475  450  427  396  356  312  271  232  199  174  161  157  155
  150  139  124  107   94   87   85   84   83
    17.5-180.0 180.0   5.0 450.0                            LAT/LON1/LON2/DLON/H
   97   94   88   82   81   91  119  163  214  258  294  329  366  402  432  459
  487  517  544  562  572  576  582  596  616  645  683  731  777  813  832  834
  822  801  775  744  716  695  683  673  657  638  619  596  571  550  542  543
  540  522  488  452  427  414  400  380  352  319  280  240  207  187  177  169
  162  151  138  122  107   99   96   96   97
    15.0-180.0 180.0   5.0 450.0                            LAT/LON1/LON2/DLON/H
  108  105   99   92   92  105  134  178  226  266  296  325  359  396  431  465
  503  542  577  601  611  611  610  616  629  652  687  733  778  811  828  828
  818  803  786  766  744  729  720  712  698  680  663  643  616  583  558  541
  522  490  444  402  381  382  391  397  391  369  332  287  247  218  199  186
  174  164  153  139  123  111  106  107  108
    12.5-180.0 180.0   5.0 450.0                            LAT/LON1/LON2/DLON/H
  113  110  103   96   98  113  144  187  233  269  295  321  353  391  428  466
  508  554  596  624  635  634  631  632  640  659  689  729  770  798  812  813
  807  805  804  800  790  782  777  767  748  729  713  692  658  611  566  528
  492  446  390  343  327  344  379  412  428  417  383  334  287  251  224  203
  188  177  169  157  139  123  115  113  113
    10.0-180.0 180.0   5.0 450.0                            LAT/LON1/LON2/DLON/H
  111  107  100   95   98  115  146  188  230  265  291  317  350  388  426  464
  508  556  600  630  643  644  642  645  652  668  694  728  761  784  794  795
  797  810  830  846  852  853  849  833  807  782  763  739  696  635  570  514
  464  409  347  298  288  320  376  431  464  459  425  375  326  284  249  221
  201  190  185  174  154  133  118  113  111
     7.5-180.0 180.0   5.0 450.0                            LAT/LON1/LON2/DLON/H
  103   98   91   88   95  113  144  182  222  257  286  315  351  391  429  465
  505  550  593  624  638  643  647  656  667  683  706  735  762  779  786  788
  797  824  862  898  921  931  926  902  864  830  805  775  725  653  575  509
  451  394  333  287  280  320  388  456  494  489  452  403  355  311  272  237
  213  202  198  187  166  139  119  107  103
     5.0-180.0 180.0   5.0 450.0                            LAT/LON1/LON2/DLON/H
   93   89   83   82   91  111  139  174  212  248  281  315  355  398  436  470
  506  545  584  613  630  641  654  670  689  708  731  755  779  794  798  799
  812  847  897  947  985 1003  995  958  906  862  829  795  740  665  584  517
  464  412  356  312  308  347  415  481  513  500  458  411  369  327  286  250
  222  210  206  197  174  143  117  101   93
     2.5-180.0 180.0   5.0 450.0                            LAT/LON1/LON2/DLON/H
   88   82   78   81   92  112  139  169  205  241  278  317  361  407  447  480
  510  543  578  608  629  646  668  694  720  744  768  792  815  830  832  831
  843  877  930  985 1030 1053 1040  989  924  868  828  789  736  666  594  538
  495  455  407  368  361  392  447  499  516  489  440  397  364  329  291  254
  227  213  210  201  178  146  116   97   88
